0	1985-01-01	Graduation	Married	70951	0	0	04-05-2013	66	239	10	554	254	87	54	1	3	4	9	1	0	0	0	0	0	0	3	11	0	1
1	1961-01-01	Graduation	Single	57091	0	0	15-06-2014	0	464	5	64	7	0	37	1	7	3	7	5	0	0	0	0	1	0	3	11	1	2
9	1975-01-01	Master	Single	46098	1	1	18-08-2012	86	57	0	27	0	0	36	4	3	2	2	8	0	0	0	0	0	0	3	11	0	3
13	1947-01-01	PhD	Widow	25358	0	1	22-07-2013	57	19	0	5	0	0	8	2	1	0	3	6	0	0	0	0	0	0	3	11	0	4
17	1971-01-01	PhD	Married	60491	0	1	06-09-2013	81	637	47	237	12	19	76	4	6	11	7	5	0	0	0	0	0	0	3	11	0	5
20	1965-01-01	2n Cycle	Married	46891	0	1	01-09-2013	91	43	12	23	29	15	61	1	2	1	4	4	0	0	0	0	0	0	3	11	0	6
22	1976-01-01	Graduation	Divorced	46310	1	0	03-12-2012	99	185	2	88	15	5	14	2	6	1	5	8	0	0	0	0	0	0	3	11	0	7
24	1960-01-01	Master	Together	17144	1	1	15-02-2014	96	18	2	19	0	2	6	5	3	0	4	7	0	0	0	0	0	0	3	11	0	8
25	1958-01-01	Graduation	Married	65148	0	1	16-11-2012	9	460	35	422	33	12	153	2	6	6	7	4	0	0	0	0	0	0	3	11	0	9
35	1987-01-01	Graduation	Married	25545	1	0	08-09-2012	35	32	1	64	16	12	85	3	2	2	3	6	0	0	0	0	0	0	3	11	1	10
